{
 "cells": [
  {
   "cell_type": "markdown",
   "id": "b1dddd60",
   "metadata": {},
   "source": [
    "## Exploratory Data Analysis\n",
    "* an approach to analyze data in order to summarize main characteristics of the data\n",
    "    * to gain better understanding of the data set.\n",
    "    * uncover relationships between different variables.\n",
    "    * extract important variables for the problem we trying to solve/answer.\n",
    "    \n",
    "### What are the characteristics  that have the most impact on the car price?"
   ]
  },
  {
   "cell_type": "code",
   "execution_count": 1,
   "id": "df4e07d3",
   "metadata": {},
   "outputs": [
    {
     "data": {
      "text/html": [
       "<div>\n",
       "<style scoped>\n",
       "    .dataframe tbody tr th:only-of-type {\n",
       "        vertical-align: middle;\n",
       "    }\n",
       "\n",
       "    .dataframe tbody tr th {\n",
       "        vertical-align: top;\n",
       "    }\n",
       "\n",
       "    .dataframe thead th {\n",
       "        text-align: right;\n",
       "    }\n",
       "</style>\n",
       "<table border=\"1\" class=\"dataframe\">\n",
       "  <thead>\n",
       "    <tr style=\"text-align: right;\">\n",
       "      <th></th>\n",
       "      <th>symboling</th>\n",
       "      <th>normalized-losses</th>\n",
       "      <th>make</th>\n",
       "      <th>num-of-doors</th>\n",
       "      <th>body-style</th>\n",
       "      <th>drive-wheels</th>\n",
       "      <th>engine-location</th>\n",
       "      <th>wheel-base</th>\n",
       "      <th>length</th>\n",
       "      <th>width</th>\n",
       "      <th>...</th>\n",
       "      <th>city-mpg</th>\n",
       "      <th>highway-mpg</th>\n",
       "      <th>price</th>\n",
       "      <th>city-L/100km</th>\n",
       "      <th>highway-L/100km</th>\n",
       "      <th>horsepower-binned</th>\n",
       "      <th>fuel-type-diesel</th>\n",
       "      <th>fuel-type-gas</th>\n",
       "      <th>aspiration-std</th>\n",
       "      <th>aspiration-turbo</th>\n",
       "    </tr>\n",
       "  </thead>\n",
       "  <tbody>\n",
       "    <tr>\n",
       "      <th>0</th>\n",
       "      <td>3</td>\n",
       "      <td>122</td>\n",
       "      <td>alfa-romero</td>\n",
       "      <td>two</td>\n",
       "      <td>convertible</td>\n",
       "      <td>rwd</td>\n",
       "      <td>front</td>\n",
       "      <td>88.6</td>\n",
       "      <td>0.811148</td>\n",
       "      <td>0.890278</td>\n",
       "      <td>...</td>\n",
       "      <td>21</td>\n",
       "      <td>27</td>\n",
       "      <td>13495.0</td>\n",
       "      <td>11.190476</td>\n",
       "      <td>8.703704</td>\n",
       "      <td>Low</td>\n",
       "      <td>False</td>\n",
       "      <td>True</td>\n",
       "      <td>True</td>\n",
       "      <td>False</td>\n",
       "    </tr>\n",
       "    <tr>\n",
       "      <th>1</th>\n",
       "      <td>3</td>\n",
       "      <td>122</td>\n",
       "      <td>alfa-romero</td>\n",
       "      <td>two</td>\n",
       "      <td>convertible</td>\n",
       "      <td>rwd</td>\n",
       "      <td>front</td>\n",
       "      <td>88.6</td>\n",
       "      <td>0.811148</td>\n",
       "      <td>0.890278</td>\n",
       "      <td>...</td>\n",
       "      <td>21</td>\n",
       "      <td>27</td>\n",
       "      <td>16500.0</td>\n",
       "      <td>11.190476</td>\n",
       "      <td>8.703704</td>\n",
       "      <td>Low</td>\n",
       "      <td>False</td>\n",
       "      <td>True</td>\n",
       "      <td>True</td>\n",
       "      <td>False</td>\n",
       "    </tr>\n",
       "    <tr>\n",
       "      <th>2</th>\n",
       "      <td>1</td>\n",
       "      <td>122</td>\n",
       "      <td>alfa-romero</td>\n",
       "      <td>two</td>\n",
       "      <td>hatchback</td>\n",
       "      <td>rwd</td>\n",
       "      <td>front</td>\n",
       "      <td>94.5</td>\n",
       "      <td>0.822681</td>\n",
       "      <td>0.909722</td>\n",
       "      <td>...</td>\n",
       "      <td>19</td>\n",
       "      <td>26</td>\n",
       "      <td>16500.0</td>\n",
       "      <td>12.368421</td>\n",
       "      <td>9.038462</td>\n",
       "      <td>Medium</td>\n",
       "      <td>False</td>\n",
       "      <td>True</td>\n",
       "      <td>True</td>\n",
       "      <td>False</td>\n",
       "    </tr>\n",
       "    <tr>\n",
       "      <th>3</th>\n",
       "      <td>2</td>\n",
       "      <td>164</td>\n",
       "      <td>audi</td>\n",
       "      <td>four</td>\n",
       "      <td>sedan</td>\n",
       "      <td>fwd</td>\n",
       "      <td>front</td>\n",
       "      <td>99.8</td>\n",
       "      <td>0.848630</td>\n",
       "      <td>0.919444</td>\n",
       "      <td>...</td>\n",
       "      <td>24</td>\n",
       "      <td>30</td>\n",
       "      <td>13950.0</td>\n",
       "      <td>9.791667</td>\n",
       "      <td>7.833333</td>\n",
       "      <td>Low</td>\n",
       "      <td>False</td>\n",
       "      <td>True</td>\n",
       "      <td>True</td>\n",
       "      <td>False</td>\n",
       "    </tr>\n",
       "    <tr>\n",
       "      <th>4</th>\n",
       "      <td>2</td>\n",
       "      <td>164</td>\n",
       "      <td>audi</td>\n",
       "      <td>four</td>\n",
       "      <td>sedan</td>\n",
       "      <td>4wd</td>\n",
       "      <td>front</td>\n",
       "      <td>99.4</td>\n",
       "      <td>0.848630</td>\n",
       "      <td>0.922222</td>\n",
       "      <td>...</td>\n",
       "      <td>18</td>\n",
       "      <td>22</td>\n",
       "      <td>17450.0</td>\n",
       "      <td>13.055556</td>\n",
       "      <td>10.681818</td>\n",
       "      <td>Low</td>\n",
       "      <td>False</td>\n",
       "      <td>True</td>\n",
       "      <td>True</td>\n",
       "      <td>False</td>\n",
       "    </tr>\n",
       "  </tbody>\n",
       "</table>\n",
       "<p>5 rows × 31 columns</p>\n",
       "</div>"
      ],
      "text/plain": [
       "   symboling  normalized-losses         make num-of-doors   body-style  \\\n",
       "0          3                122  alfa-romero          two  convertible   \n",
       "1          3                122  alfa-romero          two  convertible   \n",
       "2          1                122  alfa-romero          two    hatchback   \n",
       "3          2                164         audi         four        sedan   \n",
       "4          2                164         audi         four        sedan   \n",
       "\n",
       "  drive-wheels engine-location  wheel-base    length     width  ...  city-mpg  \\\n",
       "0          rwd           front        88.6  0.811148  0.890278  ...        21   \n",
       "1          rwd           front        88.6  0.811148  0.890278  ...        21   \n",
       "2          rwd           front        94.5  0.822681  0.909722  ...        19   \n",
       "3          fwd           front        99.8  0.848630  0.919444  ...        24   \n",
       "4          4wd           front        99.4  0.848630  0.922222  ...        18   \n",
       "\n",
       "   highway-mpg    price city-L/100km  highway-L/100km horsepower-binned  \\\n",
       "0           27  13495.0    11.190476         8.703704               Low   \n",
       "1           27  16500.0    11.190476         8.703704               Low   \n",
       "2           26  16500.0    12.368421         9.038462            Medium   \n",
       "3           30  13950.0     9.791667         7.833333               Low   \n",
       "4           22  17450.0    13.055556        10.681818               Low   \n",
       "\n",
       "   fuel-type-diesel  fuel-type-gas  aspiration-std  aspiration-turbo  \n",
       "0             False           True            True             False  \n",
       "1             False           True            True             False  \n",
       "2             False           True            True             False  \n",
       "3             False           True            True             False  \n",
       "4             False           True            True             False  \n",
       "\n",
       "[5 rows x 31 columns]"
      ]
     },
     "execution_count": 1,
     "metadata": {},
     "output_type": "execute_result"
    }
   ],
   "source": [
    "import pandas as pd\n",
    "import numpy as np\n",
    "\n",
    "file_name = \"clean_df_Auto.csv\"\n",
    "df = pd.read_csv(file_name, header=0, index_col=0)\n",
    "df.head()"
   ]
  },
  {
   "cell_type": "markdown",
   "id": "f7e43f73",
   "metadata": {},
   "source": [
    "### Descriptive Statistics\n",
    "* Description statistical analysis helps to describe basic features of a dataset and obtain short summary about the sample and measures of the data.\n",
    "* use the describe() method in Pandas to give a summary of basic statistics for all numerical variables, specifically continuous data. e.g. mean, max, min, std, any NaN values are skipped.\n",
    "* for Categorical data or Discrete value data, they can be summarized using the value_counts() method.\n",
    "* Box Plots are great for visualization of numeric data since it can demonstrate the different distribution of the data, e.g. the Median, Upper/Lower(75/25%) Quartile, Upper/Lower Extreme(+-1.5%), Max/Min values, and Outliers.\n",
    "* Scatter Plots are usually used for visualizing Continuous Data. It shows the relationship between two variables:\n",
    "    * Predictor/Independent variables on x-axis.\n",
    "    * Target/Dependent variables on y-axis is the variable we are trying to predict.\n",
    "* Grouping Data helps us to see if there is any relationship between variables.\n",
    "    * we can use df.groupby() method in Pandas for grouping data. Use this method for:\n",
    "        * Categorical variables, e.g. 'drive-wheels', 'body-style'\n",
    "        * Grouping data into Categories\n",
    "        * can group by Single or Multiple variables\n",
    "* Pivot Table can be generated from the above Grouped DataFrame.\n",
    "    * we used the DataFrame Pivot() method.\n",
    "    * 1 variable is displayed along the columns, and the other is displayed along the rows.\n",
    "* Heatmap Plot can help to visialize Pivot Table.\n",
    "    * Useful for plotting target variable against multiple variables.\n",
    "    * Color intensity is used to represent the different values of the data."
   ]
  },
  {
   "cell_type": "code",
   "execution_count": 2,
   "id": "53dfc6d6",
   "metadata": {},
   "outputs": [
    {
     "data": {
      "text/plain": [
       "symboling              int64\n",
       "normalized-losses      int64\n",
       "make                     str\n",
       "num-of-doors             str\n",
       "body-style               str\n",
       "drive-wheels             str\n",
       "engine-location          str\n",
       "wheel-base           float64\n",
       "length               float64\n",
       "width                float64\n",
       "height               float64\n",
       "curb-weight            int64\n",
       "engine-type              str\n",
       "num-of-cylinders         str\n",
       "engine-size            int64\n",
       "fuel-system              str\n",
       "bore                 float64\n",
       "stroke               float64\n",
       "compression-ratio    float64\n",
       "horsepower             int64\n",
       "peak-rpm             float64\n",
       "city-mpg               int64\n",
       "highway-mpg            int64\n",
       "price                float64\n",
       "city-L/100km         float64\n",
       "highway-L/100km      float64\n",
       "horsepower-binned        str\n",
       "fuel-type-diesel        bool\n",
       "fuel-type-gas           bool\n",
       "aspiration-std          bool\n",
       "aspiration-turbo        bool\n",
       "dtype: object"
      ]
     },
     "execution_count": 2,
     "metadata": {},
     "output_type": "execute_result"
    }
   ],
   "source": [
    "# Analyzing Individual Featuer Patterns using Visualization\n",
    "\n",
    "import matplotlib.pyplot as plt\n",
    "import seaborn as sns\n",
    "\n",
    "df.dtypes"
   ]
  },
  {
   "cell_type": "code",
   "execution_count": 3,
   "id": "6f0cde6a",
   "metadata": {},
   "outputs": [
    {
     "data": {
      "text/plain": [
       "dtype('float64')"
      ]
     },
     "execution_count": 3,
     "metadata": {},
     "output_type": "execute_result"
    }
   ],
   "source": [
    "df['peak-rpm'].dtype"
   ]
  },
  {
   "cell_type": "code",
   "execution_count": 4,
   "id": "33fd9811",
   "metadata": {},
   "outputs": [
    {
     "data": {
      "text/html": [
       "<div>\n",
       "<style scoped>\n",
       "    .dataframe tbody tr th:only-of-type {\n",
       "        vertical-align: middle;\n",
       "    }\n",
       "\n",
       "    .dataframe tbody tr th {\n",
       "        vertical-align: top;\n",
       "    }\n",
       "\n",
       "    .dataframe thead th {\n",
       "        text-align: right;\n",
       "    }\n",
       "</style>\n",
       "<table border=\"1\" class=\"dataframe\">\n",
       "  <thead>\n",
       "    <tr style=\"text-align: right;\">\n",
       "      <th></th>\n",
       "      <th>symboling</th>\n",
       "      <th>normalized-losses</th>\n",
       "      <th>wheel-base</th>\n",
       "      <th>length</th>\n",
       "      <th>width</th>\n",
       "      <th>height</th>\n",
       "      <th>curb-weight</th>\n",
       "      <th>engine-size</th>\n",
       "      <th>bore</th>\n",
       "      <th>stroke</th>\n",
       "      <th>compression-ratio</th>\n",
       "      <th>horsepower</th>\n",
       "      <th>peak-rpm</th>\n",
       "      <th>city-mpg</th>\n",
       "      <th>highway-mpg</th>\n",
       "      <th>price</th>\n",
       "      <th>city-L/100km</th>\n",
       "      <th>highway-L/100km</th>\n",
       "    </tr>\n",
       "  </thead>\n",
       "  <tbody>\n",
       "    <tr>\n",
       "      <th>symboling</th>\n",
       "      <td>1.000000</td>\n",
       "      <td>0.466264</td>\n",
       "      <td>-0.535987</td>\n",
       "      <td>-0.365404</td>\n",
       "      <td>-0.242423</td>\n",
       "      <td>-0.550160</td>\n",
       "      <td>-0.233118</td>\n",
       "      <td>-0.110581</td>\n",
       "      <td>-0.140019</td>\n",
       "      <td>-0.008153</td>\n",
       "      <td>-0.182196</td>\n",
       "      <td>0.075810</td>\n",
       "      <td>0.279740</td>\n",
       "      <td>-0.035527</td>\n",
       "      <td>0.036233</td>\n",
       "      <td>-0.082391</td>\n",
       "      <td>0.066171</td>\n",
       "      <td>-0.029807</td>\n",
       "    </tr>\n",
       "    <tr>\n",
       "      <th>normalized-losses</th>\n",
       "      <td>0.466264</td>\n",
       "      <td>1.000000</td>\n",
       "      <td>-0.056661</td>\n",
       "      <td>0.019424</td>\n",
       "      <td>0.086802</td>\n",
       "      <td>-0.373737</td>\n",
       "      <td>0.099404</td>\n",
       "      <td>0.112360</td>\n",
       "      <td>-0.029862</td>\n",
       "      <td>0.055045</td>\n",
       "      <td>-0.114713</td>\n",
       "      <td>0.217300</td>\n",
       "      <td>0.239543</td>\n",
       "      <td>-0.225016</td>\n",
       "      <td>-0.181877</td>\n",
       "      <td>0.133999</td>\n",
       "      <td>0.238567</td>\n",
       "      <td>0.181189</td>\n",
       "    </tr>\n",
       "    <tr>\n",
       "      <th>wheel-base</th>\n",
       "      <td>-0.535987</td>\n",
       "      <td>-0.056661</td>\n",
       "      <td>1.000000</td>\n",
       "      <td>0.876024</td>\n",
       "      <td>0.814507</td>\n",
       "      <td>0.590742</td>\n",
       "      <td>0.782097</td>\n",
       "      <td>0.572027</td>\n",
       "      <td>0.493244</td>\n",
       "      <td>0.158018</td>\n",
       "      <td>0.250313</td>\n",
       "      <td>0.371178</td>\n",
       "      <td>-0.360305</td>\n",
       "      <td>-0.470606</td>\n",
       "      <td>-0.543304</td>\n",
       "      <td>0.584642</td>\n",
       "      <td>0.476153</td>\n",
       "      <td>0.577576</td>\n",
       "    </tr>\n",
       "    <tr>\n",
       "      <th>length</th>\n",
       "      <td>-0.365404</td>\n",
       "      <td>0.019424</td>\n",
       "      <td>0.876024</td>\n",
       "      <td>1.000000</td>\n",
       "      <td>0.857170</td>\n",
       "      <td>0.492063</td>\n",
       "      <td>0.880665</td>\n",
       "      <td>0.685025</td>\n",
       "      <td>0.608971</td>\n",
       "      <td>0.123952</td>\n",
       "      <td>0.159733</td>\n",
       "      <td>0.579795</td>\n",
       "      <td>-0.285970</td>\n",
       "      <td>-0.665192</td>\n",
       "      <td>-0.698142</td>\n",
       "      <td>0.690628</td>\n",
       "      <td>0.657373</td>\n",
       "      <td>0.707108</td>\n",
       "    </tr>\n",
       "    <tr>\n",
       "      <th>width</th>\n",
       "      <td>-0.242423</td>\n",
       "      <td>0.086802</td>\n",
       "      <td>0.814507</td>\n",
       "      <td>0.857170</td>\n",
       "      <td>1.000000</td>\n",
       "      <td>0.306002</td>\n",
       "      <td>0.866201</td>\n",
       "      <td>0.729436</td>\n",
       "      <td>0.544885</td>\n",
       "      <td>0.188822</td>\n",
       "      <td>0.189867</td>\n",
       "      <td>0.615056</td>\n",
       "      <td>-0.245800</td>\n",
       "      <td>-0.633531</td>\n",
       "      <td>-0.680635</td>\n",
       "      <td>0.751265</td>\n",
       "      <td>0.673363</td>\n",
       "      <td>0.736728</td>\n",
       "    </tr>\n",
       "    <tr>\n",
       "      <th>height</th>\n",
       "      <td>-0.550160</td>\n",
       "      <td>-0.373737</td>\n",
       "      <td>0.590742</td>\n",
       "      <td>0.492063</td>\n",
       "      <td>0.306002</td>\n",
       "      <td>1.000000</td>\n",
       "      <td>0.307581</td>\n",
       "      <td>0.074694</td>\n",
       "      <td>0.180449</td>\n",
       "      <td>-0.060663</td>\n",
       "      <td>0.259737</td>\n",
       "      <td>-0.087001</td>\n",
       "      <td>-0.309974</td>\n",
       "      <td>-0.049800</td>\n",
       "      <td>-0.104812</td>\n",
       "      <td>0.135486</td>\n",
       "      <td>0.003811</td>\n",
       "      <td>0.084301</td>\n",
       "    </tr>\n",
       "    <tr>\n",
       "      <th>curb-weight</th>\n",
       "      <td>-0.233118</td>\n",
       "      <td>0.099404</td>\n",
       "      <td>0.782097</td>\n",
       "      <td>0.880665</td>\n",
       "      <td>0.866201</td>\n",
       "      <td>0.307581</td>\n",
       "      <td>1.000000</td>\n",
       "      <td>0.849072</td>\n",
       "      <td>0.644060</td>\n",
       "      <td>0.167438</td>\n",
       "      <td>0.156433</td>\n",
       "      <td>0.757981</td>\n",
       "      <td>-0.279361</td>\n",
       "      <td>-0.749543</td>\n",
       "      <td>-0.794889</td>\n",
       "      <td>0.834415</td>\n",
       "      <td>0.785353</td>\n",
       "      <td>0.836921</td>\n",
       "    </tr>\n",
       "    <tr>\n",
       "      <th>engine-size</th>\n",
       "      <td>-0.110581</td>\n",
       "      <td>0.112360</td>\n",
       "      <td>0.572027</td>\n",
       "      <td>0.685025</td>\n",
       "      <td>0.729436</td>\n",
       "      <td>0.074694</td>\n",
       "      <td>0.849072</td>\n",
       "      <td>1.000000</td>\n",
       "      <td>0.572609</td>\n",
       "      <td>0.205928</td>\n",
       "      <td>0.028889</td>\n",
       "      <td>0.822668</td>\n",
       "      <td>-0.256733</td>\n",
       "      <td>-0.650546</td>\n",
       "      <td>-0.679571</td>\n",
       "      <td>0.872335</td>\n",
       "      <td>0.745059</td>\n",
       "      <td>0.783465</td>\n",
       "    </tr>\n",
       "    <tr>\n",
       "      <th>bore</th>\n",
       "      <td>-0.140019</td>\n",
       "      <td>-0.029862</td>\n",
       "      <td>0.493244</td>\n",
       "      <td>0.608971</td>\n",
       "      <td>0.544885</td>\n",
       "      <td>0.180449</td>\n",
       "      <td>0.644060</td>\n",
       "      <td>0.572609</td>\n",
       "      <td>1.000000</td>\n",
       "      <td>-0.055390</td>\n",
       "      <td>0.001263</td>\n",
       "      <td>0.566903</td>\n",
       "      <td>-0.267392</td>\n",
       "      <td>-0.582027</td>\n",
       "      <td>-0.591309</td>\n",
       "      <td>0.543155</td>\n",
       "      <td>0.554610</td>\n",
       "      <td>0.559112</td>\n",
       "    </tr>\n",
       "    <tr>\n",
       "      <th>stroke</th>\n",
       "      <td>-0.008153</td>\n",
       "      <td>0.055045</td>\n",
       "      <td>0.158018</td>\n",
       "      <td>0.123952</td>\n",
       "      <td>0.188822</td>\n",
       "      <td>-0.060663</td>\n",
       "      <td>0.167438</td>\n",
       "      <td>0.205928</td>\n",
       "      <td>-0.055390</td>\n",
       "      <td>1.000000</td>\n",
       "      <td>0.187871</td>\n",
       "      <td>0.098128</td>\n",
       "      <td>-0.063561</td>\n",
       "      <td>-0.033956</td>\n",
       "      <td>-0.034636</td>\n",
       "      <td>0.082269</td>\n",
       "      <td>0.036133</td>\n",
       "      <td>0.047089</td>\n",
       "    </tr>\n",
       "    <tr>\n",
       "      <th>compression-ratio</th>\n",
       "      <td>-0.182196</td>\n",
       "      <td>-0.114713</td>\n",
       "      <td>0.250313</td>\n",
       "      <td>0.159733</td>\n",
       "      <td>0.189867</td>\n",
       "      <td>0.259737</td>\n",
       "      <td>0.156433</td>\n",
       "      <td>0.028889</td>\n",
       "      <td>0.001263</td>\n",
       "      <td>0.187871</td>\n",
       "      <td>1.000000</td>\n",
       "      <td>-0.214489</td>\n",
       "      <td>-0.435780</td>\n",
       "      <td>0.331425</td>\n",
       "      <td>0.268465</td>\n",
       "      <td>0.071107</td>\n",
       "      <td>-0.299372</td>\n",
       "      <td>-0.223361</td>\n",
       "    </tr>\n",
       "    <tr>\n",
       "      <th>horsepower</th>\n",
       "      <td>0.075810</td>\n",
       "      <td>0.217300</td>\n",
       "      <td>0.371178</td>\n",
       "      <td>0.579795</td>\n",
       "      <td>0.615056</td>\n",
       "      <td>-0.087001</td>\n",
       "      <td>0.757981</td>\n",
       "      <td>0.822668</td>\n",
       "      <td>0.566903</td>\n",
       "      <td>0.098128</td>\n",
       "      <td>-0.214489</td>\n",
       "      <td>1.000000</td>\n",
       "      <td>0.107884</td>\n",
       "      <td>-0.822192</td>\n",
       "      <td>-0.804579</td>\n",
       "      <td>0.809607</td>\n",
       "      <td>0.889482</td>\n",
       "      <td>0.840627</td>\n",
       "    </tr>\n",
       "    <tr>\n",
       "      <th>peak-rpm</th>\n",
       "      <td>0.279740</td>\n",
       "      <td>0.239543</td>\n",
       "      <td>-0.360305</td>\n",
       "      <td>-0.285970</td>\n",
       "      <td>-0.245800</td>\n",
       "      <td>-0.309974</td>\n",
       "      <td>-0.279361</td>\n",
       "      <td>-0.256733</td>\n",
       "      <td>-0.267392</td>\n",
       "      <td>-0.063561</td>\n",
       "      <td>-0.435780</td>\n",
       "      <td>0.107884</td>\n",
       "      <td>1.000000</td>\n",
       "      <td>-0.115413</td>\n",
       "      <td>-0.058598</td>\n",
       "      <td>-0.101616</td>\n",
       "      <td>0.115830</td>\n",
       "      <td>0.017694</td>\n",
       "    </tr>\n",
       "    <tr>\n",
       "      <th>city-mpg</th>\n",
       "      <td>-0.035527</td>\n",
       "      <td>-0.225016</td>\n",
       "      <td>-0.470606</td>\n",
       "      <td>-0.665192</td>\n",
       "      <td>-0.633531</td>\n",
       "      <td>-0.049800</td>\n",
       "      <td>-0.749543</td>\n",
       "      <td>-0.650546</td>\n",
       "      <td>-0.582027</td>\n",
       "      <td>-0.033956</td>\n",
       "      <td>0.331425</td>\n",
       "      <td>-0.822192</td>\n",
       "      <td>-0.115413</td>\n",
       "      <td>1.000000</td>\n",
       "      <td>0.972044</td>\n",
       "      <td>-0.686571</td>\n",
       "      <td>-0.949713</td>\n",
       "      <td>-0.909024</td>\n",
       "    </tr>\n",
       "    <tr>\n",
       "      <th>highway-mpg</th>\n",
       "      <td>0.036233</td>\n",
       "      <td>-0.181877</td>\n",
       "      <td>-0.543304</td>\n",
       "      <td>-0.698142</td>\n",
       "      <td>-0.680635</td>\n",
       "      <td>-0.104812</td>\n",
       "      <td>-0.794889</td>\n",
       "      <td>-0.679571</td>\n",
       "      <td>-0.591309</td>\n",
       "      <td>-0.034636</td>\n",
       "      <td>0.268465</td>\n",
       "      <td>-0.804579</td>\n",
       "      <td>-0.058598</td>\n",
       "      <td>0.972044</td>\n",
       "      <td>1.000000</td>\n",
       "      <td>-0.704692</td>\n",
       "      <td>-0.930028</td>\n",
       "      <td>-0.951100</td>\n",
       "    </tr>\n",
       "    <tr>\n",
       "      <th>price</th>\n",
       "      <td>-0.082391</td>\n",
       "      <td>0.133999</td>\n",
       "      <td>0.584642</td>\n",
       "      <td>0.690628</td>\n",
       "      <td>0.751265</td>\n",
       "      <td>0.135486</td>\n",
       "      <td>0.834415</td>\n",
       "      <td>0.872335</td>\n",
       "      <td>0.543155</td>\n",
       "      <td>0.082269</td>\n",
       "      <td>0.071107</td>\n",
       "      <td>0.809607</td>\n",
       "      <td>-0.101616</td>\n",
       "      <td>-0.686571</td>\n",
       "      <td>-0.704692</td>\n",
       "      <td>1.000000</td>\n",
       "      <td>0.789898</td>\n",
       "      <td>0.801118</td>\n",
       "    </tr>\n",
       "    <tr>\n",
       "      <th>city-L/100km</th>\n",
       "      <td>0.066171</td>\n",
       "      <td>0.238567</td>\n",
       "      <td>0.476153</td>\n",
       "      <td>0.657373</td>\n",
       "      <td>0.673363</td>\n",
       "      <td>0.003811</td>\n",
       "      <td>0.785353</td>\n",
       "      <td>0.745059</td>\n",
       "      <td>0.554610</td>\n",
       "      <td>0.036133</td>\n",
       "      <td>-0.299372</td>\n",
       "      <td>0.889482</td>\n",
       "      <td>0.115830</td>\n",
       "      <td>-0.949713</td>\n",
       "      <td>-0.930028</td>\n",
       "      <td>0.789898</td>\n",
       "      <td>1.000000</td>\n",
       "      <td>0.958306</td>\n",
       "    </tr>\n",
       "    <tr>\n",
       "      <th>highway-L/100km</th>\n",
       "      <td>-0.029807</td>\n",
       "      <td>0.181189</td>\n",
       "      <td>0.577576</td>\n",
       "      <td>0.707108</td>\n",
       "      <td>0.736728</td>\n",
       "      <td>0.084301</td>\n",
       "      <td>0.836921</td>\n",
       "      <td>0.783465</td>\n",
       "      <td>0.559112</td>\n",
       "      <td>0.047089</td>\n",
       "      <td>-0.223361</td>\n",
       "      <td>0.840627</td>\n",
       "      <td>0.017694</td>\n",
       "      <td>-0.909024</td>\n",
       "      <td>-0.951100</td>\n",
       "      <td>0.801118</td>\n",
       "      <td>0.958306</td>\n",
       "      <td>1.000000</td>\n",
       "    </tr>\n",
       "  </tbody>\n",
       "</table>\n",
       "</div>"
      ],
      "text/plain": [
       "                   symboling  normalized-losses  wheel-base    length  \\\n",
       "symboling           1.000000           0.466264   -0.535987 -0.365404   \n",
       "normalized-losses   0.466264           1.000000   -0.056661  0.019424   \n",
       "wheel-base         -0.535987          -0.056661    1.000000  0.876024   \n",
       "length             -0.365404           0.019424    0.876024  1.000000   \n",
       "width              -0.242423           0.086802    0.814507  0.857170   \n",
       "height             -0.550160          -0.373737    0.590742  0.492063   \n",
       "curb-weight        -0.233118           0.099404    0.782097  0.880665   \n",
       "engine-size        -0.110581           0.112360    0.572027  0.685025   \n",
       "bore               -0.140019          -0.029862    0.493244  0.608971   \n",
       "stroke             -0.008153           0.055045    0.158018  0.123952   \n",
       "compression-ratio  -0.182196          -0.114713    0.250313  0.159733   \n",
       "horsepower          0.075810           0.217300    0.371178  0.579795   \n",
       "peak-rpm            0.279740           0.239543   -0.360305 -0.285970   \n",
       "city-mpg           -0.035527          -0.225016   -0.470606 -0.665192   \n",
       "highway-mpg         0.036233          -0.181877   -0.543304 -0.698142   \n",
       "price              -0.082391           0.133999    0.584642  0.690628   \n",
       "city-L/100km        0.066171           0.238567    0.476153  0.657373   \n",
       "highway-L/100km    -0.029807           0.181189    0.577576  0.707108   \n",
       "\n",
       "                      width    height  curb-weight  engine-size      bore  \\\n",
       "symboling         -0.242423 -0.550160    -0.233118    -0.110581 -0.140019   \n",
       "normalized-losses  0.086802 -0.373737     0.099404     0.112360 -0.029862   \n",
       "wheel-base         0.814507  0.590742     0.782097     0.572027  0.493244   \n",
       "length             0.857170  0.492063     0.880665     0.685025  0.608971   \n",
       "width              1.000000  0.306002     0.866201     0.729436  0.544885   \n",
       "height             0.306002  1.000000     0.307581     0.074694  0.180449   \n",
       "curb-weight        0.866201  0.307581     1.000000     0.849072  0.644060   \n",
       "engine-size        0.729436  0.074694     0.849072     1.000000  0.572609   \n",
       "bore               0.544885  0.180449     0.644060     0.572609  1.000000   \n",
       "stroke             0.188822 -0.060663     0.167438     0.205928 -0.055390   \n",
       "compression-ratio  0.189867  0.259737     0.156433     0.028889  0.001263   \n",
       "horsepower         0.615056 -0.087001     0.757981     0.822668  0.566903   \n",
       "peak-rpm          -0.245800 -0.309974    -0.279361    -0.256733 -0.267392   \n",
       "city-mpg          -0.633531 -0.049800    -0.749543    -0.650546 -0.582027   \n",
       "highway-mpg       -0.680635 -0.104812    -0.794889    -0.679571 -0.591309   \n",
       "price              0.751265  0.135486     0.834415     0.872335  0.543155   \n",
       "city-L/100km       0.673363  0.003811     0.785353     0.745059  0.554610   \n",
       "highway-L/100km    0.736728  0.084301     0.836921     0.783465  0.559112   \n",
       "\n",
       "                     stroke  compression-ratio  horsepower  peak-rpm  \\\n",
       "symboling         -0.008153          -0.182196    0.075810  0.279740   \n",
       "normalized-losses  0.055045          -0.114713    0.217300  0.239543   \n",
       "wheel-base         0.158018           0.250313    0.371178 -0.360305   \n",
       "length             0.123952           0.159733    0.579795 -0.285970   \n",
       "width              0.188822           0.189867    0.615056 -0.245800   \n",
       "height            -0.060663           0.259737   -0.087001 -0.309974   \n",
       "curb-weight        0.167438           0.156433    0.757981 -0.279361   \n",
       "engine-size        0.205928           0.028889    0.822668 -0.256733   \n",
       "bore              -0.055390           0.001263    0.566903 -0.267392   \n",
       "stroke             1.000000           0.187871    0.098128 -0.063561   \n",
       "compression-ratio  0.187871           1.000000   -0.214489 -0.435780   \n",
       "horsepower         0.098128          -0.214489    1.000000  0.107884   \n",
       "peak-rpm          -0.063561          -0.435780    0.107884  1.000000   \n",
       "city-mpg          -0.033956           0.331425   -0.822192 -0.115413   \n",
       "highway-mpg       -0.034636           0.268465   -0.804579 -0.058598   \n",
       "price              0.082269           0.071107    0.809607 -0.101616   \n",
       "city-L/100km       0.036133          -0.299372    0.889482  0.115830   \n",
       "highway-L/100km    0.047089          -0.223361    0.840627  0.017694   \n",
       "\n",
       "                   city-mpg  highway-mpg     price  city-L/100km  \\\n",
       "symboling         -0.035527     0.036233 -0.082391      0.066171   \n",
       "normalized-losses -0.225016    -0.181877  0.133999      0.238567   \n",
       "wheel-base        -0.470606    -0.543304  0.584642      0.476153   \n",
       "length            -0.665192    -0.698142  0.690628      0.657373   \n",
       "width             -0.633531    -0.680635  0.751265      0.673363   \n",
       "height            -0.049800    -0.104812  0.135486      0.003811   \n",
       "curb-weight       -0.749543    -0.794889  0.834415      0.785353   \n",
       "engine-size       -0.650546    -0.679571  0.872335      0.745059   \n",
       "bore              -0.582027    -0.591309  0.543155      0.554610   \n",
       "stroke            -0.033956    -0.034636  0.082269      0.036133   \n",
       "compression-ratio  0.331425     0.268465  0.071107     -0.299372   \n",
       "horsepower        -0.822192    -0.804579  0.809607      0.889482   \n",
       "peak-rpm          -0.115413    -0.058598 -0.101616      0.115830   \n",
       "city-mpg           1.000000     0.972044 -0.686571     -0.949713   \n",
       "highway-mpg        0.972044     1.000000 -0.704692     -0.930028   \n",
       "price             -0.686571    -0.704692  1.000000      0.789898   \n",
       "city-L/100km      -0.949713    -0.930028  0.789898      1.000000   \n",
       "highway-L/100km   -0.909024    -0.951100  0.801118      0.958306   \n",
       "\n",
       "                   highway-L/100km  \n",
       "symboling                -0.029807  \n",
       "normalized-losses         0.181189  \n",
       "wheel-base                0.577576  \n",
       "length                    0.707108  \n",
       "width                     0.736728  \n",
       "height                    0.084301  \n",
       "curb-weight               0.836921  \n",
       "engine-size               0.783465  \n",
       "bore                      0.559112  \n",
       "stroke                    0.047089  \n",
       "compression-ratio        -0.223361  \n",
       "horsepower                0.840627  \n",
       "peak-rpm                  0.017694  \n",
       "city-mpg                 -0.909024  \n",
       "highway-mpg              -0.951100  \n",
       "price                     0.801118  \n",
       "city-L/100km              0.958306  \n",
       "highway-L/100km           1.000000  "
      ]
     },
     "execution_count": 4,
     "metadata": {},
     "output_type": "execute_result"
    }
   ],
   "source": [
    "# select only numeric columns for correlation\n",
    "df_num = df.select_dtypes(include=['float64','int64'])\n",
    "df_num.corr()"
   ]
  },
  {
   "cell_type": "code",
   "execution_count": 5,
   "id": "d99bc186",
   "metadata": {},
   "outputs": [
    {
     "data": {
      "text/html": [
       "<div>\n",
       "<style scoped>\n",
       "    .dataframe tbody tr th:only-of-type {\n",
       "        vertical-align: middle;\n",
       "    }\n",
       "\n",
       "    .dataframe tbody tr th {\n",
       "        vertical-align: top;\n",
       "    }\n",
       "\n",
       "    .dataframe thead th {\n",
       "        text-align: right;\n",
       "    }\n",
       "</style>\n",
       "<table border=\"1\" class=\"dataframe\">\n",
       "  <thead>\n",
       "    <tr style=\"text-align: right;\">\n",
       "      <th></th>\n",
       "      <th>bore</th>\n",
       "      <th>stroke</th>\n",
       "      <th>compression-ratio</th>\n",
       "      <th>horsepower</th>\n",
       "    </tr>\n",
       "  </thead>\n",
       "  <tbody>\n",
       "    <tr>\n",
       "      <th>bore</th>\n",
       "      <td>1.000000</td>\n",
       "      <td>-0.055390</td>\n",
       "      <td>0.001263</td>\n",
       "      <td>0.566903</td>\n",
       "    </tr>\n",
       "    <tr>\n",
       "      <th>stroke</th>\n",
       "      <td>-0.055390</td>\n",
       "      <td>1.000000</td>\n",
       "      <td>0.187871</td>\n",
       "      <td>0.098128</td>\n",
       "    </tr>\n",
       "    <tr>\n",
       "      <th>compression-ratio</th>\n",
       "      <td>0.001263</td>\n",
       "      <td>0.187871</td>\n",
       "      <td>1.000000</td>\n",
       "      <td>-0.214489</td>\n",
       "    </tr>\n",
       "    <tr>\n",
       "      <th>horsepower</th>\n",
       "      <td>0.566903</td>\n",
       "      <td>0.098128</td>\n",
       "      <td>-0.214489</td>\n",
       "      <td>1.000000</td>\n",
       "    </tr>\n",
       "  </tbody>\n",
       "</table>\n",
       "</div>"
      ],
      "text/plain": [
       "                       bore    stroke  compression-ratio  horsepower\n",
       "bore               1.000000 -0.055390           0.001263    0.566903\n",
       "stroke            -0.055390  1.000000           0.187871    0.098128\n",
       "compression-ratio  0.001263  0.187871           1.000000   -0.214489\n",
       "horsepower         0.566903  0.098128          -0.214489    1.000000"
      ]
     },
     "execution_count": 5,
     "metadata": {},
     "output_type": "execute_result"
    }
   ],
   "source": [
    "# correlation between selected columns\n",
    "df[['bore','stroke','compression-ratio','horsepower']].corr()"
   ]
  },
  {
   "cell_type": "code",
   "execution_count": 6,
   "id": "9a5efd4d",
   "metadata": {},
   "outputs": [
    {
     "data": {
      "text/plain": [
       "(0.0, 53514.120875997105)"
      ]
     },
     "execution_count": 6,
     "metadata": {},
     "output_type": "execute_result"
    },
    {
     "data": {
